../bases/yolo/5e67b032635812f4b0291706/5e67b032635812f4b0291706.jpg 49,64,2473,691,0
../bases/yolo/5e67b031635812f4b02916ce/5e67b031635812f4b02916ce.jpg 135,14,2456,691,0
../bases/yolo/5e67b04c635812f4b0291c16/5e67b04c635812f4b0291c16.jpg 683,42,2932,684,0
../bases/yolo/5e67b03eae46c409aaec05bb/5e67b03eae46c409aaec05bb.jpg 1,13,2143,709,0
../bases/yolo/5e67b03eae46c409aaec051f/5e67b03eae46c409aaec051f.jpg 304,64,838,668,0
../bases/yolo/5e67b032635812f4b0291767/5e67b032635812f4b0291767.jpg 665,70,1611,660,0
../bases/yolo/5e67b04c635812f4b0291c2a/5e67b04c635812f4b0291c2a.jpg 527,87,1878,666,0
../bases/yolo/5e67b033635812f4b0291835/5e67b033635812f4b0291835.jpg 54,8,2329,666,0
../bases/yolo/5e67b032635812f4b0291732/5e67b032635812f4b0291732.jpg 124,42,1768,625,0
../bases/yolo/5e67b03fae46c409aaec05d4/5e67b03fae46c409aaec05d4.jpg 153,44,1473,646,0
../bases/yolo/5e67b03fae46c409aaec05d0/5e67b03fae46c409aaec05d0.jpg 167,88,1476,660,0
../bases/yolo/5e67b03eae46c409aaec050f/5e67b03eae46c409aaec050f.jpg 713,73,1762,661,0
../bases/yolo/5e67b033635812f4b02917e1/5e67b033635812f4b02917e1.jpg 59,46,1203,630,0
../bases/yolo/5e67b03dae46c409aaec04df/5e67b03dae46c409aaec04df.jpg 45,14,2786,716,0
../bases/yolo/5e67b035635812f4b02919c7/5e67b035635812f4b02919c7.jpg 0,45,1497,680,0
../bases/yolo/5e67b03fae46c409aaec05d8/5e67b03fae46c409aaec05d8.jpg 58,35,1104,664,0
../bases/yolo/5e692699635812f4b02a0464/5e692699635812f4b02a0464.jpg 144,24,2076,659,0
../bases/yolo/5e67b035635812f4b029193b/5e67b035635812f4b029193b.jpg 6,24,2123,706,0
../bases/yolo/5e67b033635812f4b029180d/5e67b033635812f4b029180d.jpg 12,40,1526,679,0
../bases/yolo/5e67b035635812f4b02919b3/5e67b035635812f4b02919b3.jpg 102,29,1977,704,0
../bases/yolo/5e67b032635812f4b0291736/5e67b032635812f4b0291736.jpg 64,45,1750,689,0
../bases/yolo/5e6ba7dd4bd4ad51c2d5e1a2/5e6ba7dd4bd4ad51c2d5e1a2.jpg 27,104,1069,739,0
../bases/yolo/5e67b032635812f4b02916ee/5e67b032635812f4b02916ee.jpg 560,69,1336,675,0
../bases/yolo/5e67b03dae46c409aaec04d3/5e67b03dae46c409aaec04d3.jpg 0,39,1198,683,0
../bases/yolo/5e67b035635812f4b029193f/5e67b035635812f4b029193f.jpg 29,38,1673,626,0
../bases/yolo/5e67b033635812f4b029183d/5e67b033635812f4b029183d.jpg 161,10,1674,654,0
../bases/yolo/5e67b04a635812f4b0291aea/5e67b04a635812f4b0291aea.jpg 128,98,827,667,0
../bases/yolo/5e67b035635812f4b02919af/5e67b035635812f4b02919af.jpg 48,26,1768,678,0
../bases/yolo/5e67b033635812f4b029182d/5e67b033635812f4b029182d.jpg 94,27,1967,717,0
../bases/yolo/5e67b04c635812f4b0291c22/5e67b04c635812f4b0291c22.jpg 193,50,1956,684,0
../bases/yolo/5e67b029635812f4b0291699/5e67b029635812f4b0291699.jpg 185,19,2055,633,0
../bases/yolo/5e67b032635812f4b029172e/5e67b032635812f4b029172e.jpg 95,43,1270,633,0
../bases/yolo/5e67b032635812f4b029172a/5e67b032635812f4b029172a.jpg 69,36,1718,666,0
../bases/yolo/5e67b034635812f4b02918b3/5e67b034635812f4b02918b3.jpg 405,64,1005,664,0
../bases/yolo/5e67b033635812f4b0291855/5e67b033635812f4b0291855.jpg 8,45,1799,689,0
../bases/yolo/5e67b04a635812f4b0291a76/5e67b04a635812f4b0291a76.jpg 647,101,1958,636,0
../bases/yolo/5e67b033635812f4b0291805/5e67b033635812f4b0291805.jpg 22,23,2467,723,0
../bases/yolo/5e67b03eae46c409aaec059b/5e67b03eae46c409aaec059b.jpg 5,29,2068,718,0
../bases/yolo/5e67b035635812f4b029196b/5e67b035635812f4b029196b.jpg 834,67,1982,660,0
../bases/yolo/5e67b033635812f4b029184d/5e67b033635812f4b029184d.jpg 100,21,2194,679,0
../bases/yolo/5e69269c635812f4b02a056e/5e69269c635812f4b02a056e.jpg 208,21,2519,672,0
../bases/yolo/5e67b033635812f4b0291839/5e67b033635812f4b0291839.jpg 50,44,1641,667,0
../bases/yolo/5e67b034635812f4b0291907/5e67b034635812f4b0291907.jpg 747,28,1197,695,0
../bases/yolo/5e67b04a635812f4b0291a70/5e67b04a635812f4b0291a70.jpg 5,76,1300,660,0
../bases/yolo/5e67b03eae46c409aaec051b/5e67b03eae46c409aaec051b.jpg 747,67,1743,662,0
../bases/yolo/5e67b033635812f4b0291869/5e67b033635812f4b0291869.jpg 19,27,2450,700,0
../bases/yolo/5e67b057635812f4b0291eb0/5e67b057635812f4b0291eb0.jpg 60,5,1452,654,0
../bases/yolo/5e67b033635812f4b02917d9/5e67b033635812f4b02917d9.jpg 675,74,1685,653,0
../bases/yolo/5e67b034635812f4b0291927/5e67b034635812f4b0291927.jpg 361,93,1223,672,0
../bases/yolo/5e67b03eae46c409aaec056f/5e67b03eae46c409aaec056f.jpg 21,69,1830,689,0
../bases/yolo/5e67b034635812f4b0291903/5e67b034635812f4b0291903.jpg 3,45,2141,684,0
../bases/yolo/5e67b057635812f4b0291ea8/5e67b057635812f4b0291ea8.jpg 171,36,1660,659,0
../bases/yolo/5e67b034635812f4b02918fb/5e67b034635812f4b02918fb.jpg 0,43,1616,675,0
../bases/yolo/5e67b032635812f4b0291702/5e67b032635812f4b0291702.jpg 48,12,1625,678,0
../bases/yolo/5e67b04a635812f4b0291ae6/5e67b04a635812f4b0291ae6.jpg 795,80,1499,652,0
../bases/yolo/5e67b035635812f4b029195f/5e67b035635812f4b029195f.jpg 113,28,1023,692,0
../bases/yolo/5e67b031635812f4b02916d6/5e67b031635812f4b02916d6.jpg 46,43,1652,689,0
../bases/yolo/5e67b029635812f4b02916bd/5e67b029635812f4b02916bd.jpg 9,45,2585,715,0
../bases/yolo/5e67b057635812f4b0291eb4/5e67b057635812f4b0291eb4.jpg 0,0,1311,637,0
../bases/yolo/5e67b032635812f4b0291763/5e67b032635812f4b0291763.jpg 605,63,1356,663,0
../bases/yolo/5e67b032635812f4b02917a5/5e67b032635812f4b02917a5.jpg 117,9,1533,623,0
../bases/yolo/5e67b034635812f4b029189f/5e67b034635812f4b029189f.jpg 201,35,1713,657,0
../bases/yolo/5e6ba7dd4bd4ad51c2d5e19e/5e6ba7dd4bd4ad51c2d5e19e.jpg 5,37,1943,676,0
../bases/yolo/5e67b035635812f4b0291993/5e67b035635812f4b0291993.jpg 216,43,1628,643,0
../bases/yolo/5e6ba7fb4bd4ad51c2d5e1c7/5e6ba7fb4bd4ad51c2d5e1c7.jpg 281,72,1482,712,0
../bases/yolo/5e67b035635812f4b029195b/5e67b035635812f4b029195b.jpg 132,34,1209,678,0
../bases/yolo/5e67b04a635812f4b0291aee/5e67b04a635812f4b0291aee.jpg 920,93,1733,644,0
../bases/yolo/5e692697635812f4b02a0400/5e692697635812f4b02a0400.jpg 15,85,2685,729,0
../bases/yolo/5e67b029635812f4b02916c5/5e67b029635812f4b02916c5.jpg 0,24,1148,657,0
../bases/yolo/5e67b04a635812f4b0291af6/5e67b04a635812f4b0291af6.jpg 1354,90,2258,637,0
../bases/yolo/5e67b034635812f4b0291875/5e67b034635812f4b0291875.jpg 538,73,1378,668,0
../bases/yolo/5e67b032635812f4b0291726/5e67b032635812f4b0291726.jpg 102,49,1975,678,0
../bases/yolo/5e67b032635812f4b02916fe/5e67b032635812f4b02916fe.jpg 43,62,2144,704,0
../bases/yolo/5e6ba7dd4bd4ad51c2d5e1a6/5e6ba7dd4bd4ad51c2d5e1a6.jpg 280,76,1294,670,0
../bases/yolo/5e67b03eae46c409aaec0565/5e67b03eae46c409aaec0565.jpg 227,35,2265,651,0
../bases/yolo/5e67b04a635812f4b0291a68/5e67b04a635812f4b0291a68.jpg 0,65,1431,693,0
../bases/yolo/5e67b035635812f4b02919bb/5e67b035635812f4b02919bb.jpg 7,21,1771,719,0
../bases/yolo/5e67b035635812f4b02919b7/5e67b035635812f4b02919b7.jpg 35,24,2204,668,0
../bases/yolo/5e67b034635812f4b02918ff/5e67b034635812f4b02918ff.jpg 4,21,2381,697,0
../bases/yolo/5e67b04c635812f4b0291c42/5e67b04c635812f4b0291c42.jpg 193,84,940,650,0
../bases/yolo/5e6ba7de4bd4ad51c2d5e1ba/5e6ba7de4bd4ad51c2d5e1ba.jpg 646,71,1707,698,0
../bases/yolo/5e69269b635812f4b02a0516/5e69269b635812f4b02a0516.jpg 180,54,2110,659,0
../bases/yolo/5e67b057635812f4b0291ebc/5e67b057635812f4b0291ebc.jpg 564,53,1390,670,0
../bases/yolo/5e67b035635812f4b02919ab/5e67b035635812f4b02919ab.jpg 0,42,1707,674,0
../bases/yolo/5e67b035635812f4b02919d7/5e67b035635812f4b02919d7.jpg 85,15,1939,690,0
../bases/yolo/5e67b034635812f4b02918db/5e67b034635812f4b02918db.jpg 112,17,2839,720,0
../bases/yolo/5e67b033635812f4b0291865/5e67b033635812f4b0291865.jpg 150,42,1836,643,0
../bases/yolo/5e67b04c635812f4b0291c3e/5e67b04c635812f4b0291c3e.jpg 1006,87,2070,659,0
../bases/yolo/5e67b034635812f4b0291917/5e67b034635812f4b0291917.jpg 36,10,2226,666,0
../bases/yolo/5e67b034635812f4b02918d3/5e67b034635812f4b02918d3.jpg 739,90,1598,654,0
../bases/yolo/5e67b033635812f4b02917ad/5e67b033635812f4b02917ad.jpg 88,36,1123,638,0
../bases/yolo/5e67b04c635812f4b0291c26/5e67b04c635812f4b0291c26.jpg 495,41,1989,671,0
../bases/yolo/5e67b032635812f4b029176f/5e67b032635812f4b029176f.jpg 276,35,2362,617,0
../bases/yolo/5e67b032635812f4b02916fa/5e67b032635812f4b02916fa.jpg 669,77,1571,645,0
../bases/yolo/5e67b032635812f4b0291757/5e67b032635812f4b0291757.jpg 259,31,2291,636,0
../bases/yolo/5e69269a635812f4b02a0502/5e69269a635812f4b02a0502.jpg 9,19,1242,665,0
../bases/yolo/5e69269a635812f4b02a0506/5e69269a635812f4b02a0506.jpg 76,31,1677,628,0
../bases/yolo/5e67b03fae46c409aaec05e0/5e67b03fae46c409aaec05e0.jpg 355,80,940,659,0
../bases/yolo/5e67b04a635812f4b0291a7a/5e67b04a635812f4b0291a7a.jpg 805,85,1557,659,0
../bases/yolo/5e67b04a635812f4b0291afa/5e67b04a635812f4b0291afa.jpg 1141,102,2283,660,0
../bases/yolo/5e67b03eae46c409aaec052f/5e67b03eae46c409aaec052f.jpg 698,35,1470,653,0
../bases/yolo/5e67b033635812f4b02917a9/5e67b033635812f4b02917a9.jpg 118,38,1832,631,0
../bases/yolo/5e67b033635812f4b02917e5/5e67b033635812f4b02917e5.jpg 71,72,2032,683,0
../bases/yolo/5e67b032635812f4b029170a/5e67b032635812f4b029170a.jpg 68,2,2290,691,0
../bases/yolo/5e67b035635812f4b02919cf/5e67b035635812f4b02919cf.jpg 64,5,1978,706,0
../bases/yolo/5e67b033635812f4b0291811/5e67b033635812f4b0291811.jpg 61,4,1989,674,0
../bases/yolo/5e67b04a635812f4b0291af2/5e67b04a635812f4b0291af2.jpg 1700,105,2737,649,0
../bases/yolo/5e67b029635812f4b02916c1/5e67b029635812f4b02916c1.jpg 595,68,1387,676,0
../bases/yolo/5e67b04a635812f4b0291ada/5e67b04a635812f4b0291ada.jpg 618,98,1747,676,0
../bases/yolo/5e67b033635812f4b029185d/5e67b033635812f4b029185d.jpg 121,38,1586,624,0
../bases/yolo/5e67b033635812f4b0291851/5e67b033635812f4b0291851.jpg 7,8,1616,698,0
../bases/yolo/5e67b033635812f4b02917fd/5e67b033635812f4b02917fd.jpg 19,18,1404,702,0
../bases/yolo/5e67b029635812f4b0291691/5e67b029635812f4b0291691.jpg 202,56,731,664,0
../bases/yolo/5e692698635812f4b02a0434/5e692698635812f4b02a0434.jpg 147,17,1866,678,0
../bases/yolo/5e67b04c635812f4b0291c06/5e67b04c635812f4b0291c06.jpg 2,71,1254,658,0
../bases/yolo/5e67b04a635812f4b0291b02/5e67b04a635812f4b0291b02.jpg 307,91,1065,655,0
../bases/yolo/5e67b032635812f4b02916f6/5e67b032635812f4b02916f6.jpg 612,71,1426,673,0
../bases/yolo/5e67b03dae46c409aaec04e7/5e67b03dae46c409aaec04e7.jpg 86,33,2225,712,0
../bases/yolo/5e67b034635812f4b029189b/5e67b034635812f4b029189b.jpg 571,49,1461,675,0
../bases/yolo/5e67b057635812f4b0291eb8/5e67b057635812f4b0291eb8.jpg 33,19,1544,678,0
../bases/yolo/5e67b03dae46c409aaec04f3/5e67b03dae46c409aaec04f3.jpg 229,43,1968,638,0
../bases/yolo/5e67b033635812f4b02917f5/5e67b033635812f4b02917f5.jpg 64,21,1358,642,0
../bases/yolo/5e67b035635812f4b029196f/5e67b035635812f4b029196f.jpg 676,74,1778,641,0
../bases/yolo/5e67b034635812f4b029190f/5e67b034635812f4b029190f.jpg 887,64,1648,647,0
../bases/yolo/5e67b034635812f4b02918af/5e67b034635812f4b02918af.jpg 232,20,1757,656,0
../bases/yolo/5e67b03eae46c409aaec0517/5e67b03eae46c409aaec0517.jpg 521,75,1266,649,0
../bases/yolo/5e67b029635812f4b0291685/5e67b029635812f4b0291685.jpg 363,72,1070,669,0
../bases/yolo/5e67b035635812f4b029198f/5e67b035635812f4b029198f.jpg 87,40,1248,633,0
../bases/yolo/5e67b033635812f4b0291845/5e67b033635812f4b0291845.jpg 22,47,1649,689,0
../bases/yolo/5e67b057635812f4b0291ea4/5e67b057635812f4b0291ea4.jpg 139,0,1675,667,0
../bases/yolo/5e67b03eae46c409aaec0555/5e67b03eae46c409aaec0555.jpg 326,62,1235,687,0
../bases/yolo/5e67b033635812f4b02917f9/5e67b033635812f4b02917f9.jpg 36,47,1141,641,0
../bases/yolo/5e67b033635812f4b0291821/5e67b033635812f4b0291821.jpg 17,49,2515,706,0
../bases/yolo/5e67b035635812f4b0291987/5e67b035635812f4b0291987.jpg 429,62,1049,662,0
../bases/yolo/5e67b03dae46c409aaec04eb/5e67b03dae46c409aaec04eb.jpg 14,28,1702,676,0
../bases/yolo/5e692698635812f4b02a0444/5e692698635812f4b02a0444.jpg 52,21,1764,667,0
../bases/yolo/5e67b032635812f4b029173e/5e67b032635812f4b029173e.jpg 299,6,1722,642,0
../bases/yolo/5e67b032635812f4b029173a/5e67b032635812f4b029173a.jpg 118,49,2053,717,0
../bases/yolo/5e6ba7fb4bd4ad51c2d5e1c3/5e6ba7fb4bd4ad51c2d5e1c3.jpg 818,92,2118,695,0
../bases/yolo/5e67b035635812f4b02919db/5e67b035635812f4b02919db.jpg 44,15,1650,673,0
../bases/yolo/5e67b03dae46c409aaec04e3/5e67b03dae46c409aaec04e3.jpg 42,37,1907,679,0
../bases/yolo/5e692698635812f4b02a044c/5e692698635812f4b02a044c.jpg 161,28,1854,672,0
../bases/yolo/5e67b033635812f4b0291859/5e67b033635812f4b0291859.jpg 106,45,1997,677,0
../bases/yolo/5e67b04a635812f4b0291a60/5e67b04a635812f4b0291a60.jpg 0,46,1464,672,0
../bases/yolo/5e67b034635812f4b0291879/5e67b034635812f4b0291879.jpg 126,28,1371,650,0
../bases/yolo/5e692699635812f4b02a0468/5e692699635812f4b02a0468.jpg 165,39,2332,681,0
../bases/yolo/5e67b033635812f4b0291831/5e67b033635812f4b0291831.jpg 97,42,1729,693,0
../bases/yolo/5e67b035635812f4b0291933/5e67b035635812f4b0291933.jpg 8,28,1250,660,0
../bases/yolo/5e69269c635812f4b02a05a2/5e69269c635812f4b02a05a2.jpg 73,37,2609,665,0
../bases/yolo/5e67b03eae46c409aaec0549/5e67b03eae46c409aaec0549.jpg 160,55,1257,648,0
../bases/yolo/5e69269b635812f4b02a0556/5e69269b635812f4b02a0556.jpg 40,48,1631,664,0
../bases/yolo/5e67b035635812f4b02919a7/5e67b035635812f4b02919a7.jpg 54,19,2364,704,0
../bases/yolo/5e67b035635812f4b029194b/5e67b035635812f4b029194b.jpg 156,31,1780,638,0
../bases/yolo/5e67b04a635812f4b0291a74/5e67b04a635812f4b0291a74.jpg 296,58,2335,662,0
../bases/yolo/5e67b032635812f4b029175f/5e67b032635812f4b029175f.jpg 512,63,1189,642,0
../bases/yolo/5e67b035635812f4b0291957/5e67b035635812f4b0291957.jpg 37,46,1048,643,0
../bases/yolo/5e67b034635812f4b029191f/5e67b034635812f4b029191f.jpg 26,40,2021,676,0
../bases/yolo/5e67b035635812f4b029197f/5e67b035635812f4b029197f.jpg 368,86,1061,644,0
../bases/yolo/5e67b04a635812f4b0291ade/5e67b04a635812f4b0291ade.jpg 23,109,681,688,0
../bases/yolo/5e67b033635812f4b0291801/5e67b033635812f4b0291801.jpg 218,56,1463,674,0
../bases/yolo/5e67b033635812f4b02917ed/5e67b033635812f4b02917ed.jpg 164,42,1648,632,0
../bases/yolo/5e67b034635812f4b0291871/5e67b034635812f4b0291871.jpg 299,51,2480,653,0
../bases/yolo/5e67b035635812f4b0291983/5e67b035635812f4b0291983.jpg 619,42,1365,635,0
../bases/yolo/5e69269b635812f4b02a051a/5e69269b635812f4b02a051a.jpg 0,16,1681,662,0
../bases/yolo/5e692699635812f4b02a0490/5e692699635812f4b02a0490.jpg 164,42,2345,682,0
../bases/yolo/5e67b04a635812f4b0291a7e/5e67b04a635812f4b0291a7e.jpg 208,56,2262,653,0
../bases/yolo/5e67b033635812f4b02917dd/5e67b033635812f4b02917dd.jpg 106,36,1569,633,0
../bases/yolo/5e67b029635812f4b0291681/5e67b029635812f4b0291681.jpg 481,56,1451,654,0
../bases/yolo/5e67b035635812f4b029197b/5e67b035635812f4b029197b.jpg 738,61,1679,657,0
../bases/yolo/5e692698635812f4b02a0448/5e692698635812f4b02a0448.jpg 125,28,1890,670,0
../bases/yolo/5e67b034635812f4b02918a3/5e67b034635812f4b02918a3.jpg 320,61,1149,664,0
../bases/yolo/5e67b035635812f4b0291963/5e67b035635812f4b0291963.jpg 79,37,1069,646,0
../bases/yolo/5e67b03eae46c409aaec04fb/5e67b03eae46c409aaec04fb.jpg 603,87,1389,654,0
../bases/yolo/5e67b034635812f4b02918e7/5e67b034635812f4b02918e7.jpg 146,35,1590,692,0
../bases/yolo/5e692697635812f4b02a0404/5e692697635812f4b02a0404.jpg 22,19,1218,656,0
../bases/yolo/5e692699635812f4b02a0494/5e692699635812f4b02a0494.jpg 35,59,1683,673,0
../bases/yolo/5e67b03dae46c409aaec04f7/5e67b03dae46c409aaec04f7.jpg 621,64,1319,668,0
../bases/yolo/5e67b03dae46c409aaec04d7/5e67b03dae46c409aaec04d7.jpg 8,60,2237,716,0
../bases/yolo/5e67b03eae46c409aaec0541/5e67b03eae46c409aaec0541.jpg 233,29,2057,661,0
../bases/yolo/5e692699635812f4b02a0460/5e692699635812f4b02a0460.jpg 182,26,2373,686,0
../bases/yolo/5e67b031635812f4b02916e6/5e67b031635812f4b02916e6.jpg 53,46,1916,681,0
../bases/yolo/5e692699635812f4b02a0498/5e692699635812f4b02a0498.jpg 168,23,2240,692,0
../bases/yolo/5e6ba7dd4bd4ad51c2d5e192/5e6ba7dd4bd4ad51c2d5e192.jpg 118,27,2281,693,0
../bases/yolo/5e67b041ae46c409aaec0754/5e67b041ae46c409aaec0754.jpg 253,56,2047,658,0
../bases/yolo/5e6ba7dd4bd4ad51c2d5e1b2/5e6ba7dd4bd4ad51c2d5e1b2.jpg 167,41,2102,701,0
../bases/yolo/5e6ba7de4bd4ad51c2d5e1be/5e6ba7de4bd4ad51c2d5e1be.jpg 604,79,1788,710,0
../bases/yolo/5e67b031635812f4b02916de/5e67b031635812f4b02916de.jpg 62,43,1965,680,0
../bases/yolo/5e67b034635812f4b02918f7/5e67b034635812f4b02918f7.jpg 22,56,1603,698,0
../bases/yolo/5e69269b635812f4b02a054e/5e69269b635812f4b02a054e.jpg 84,0,1669,648,0
../bases/yolo/5e67b033635812f4b02917b1/5e67b033635812f4b02917b1.jpg 146,21,1461,644,0
../bases/yolo/5e67b049635812f4b0291a28/5e67b049635812f4b0291a28.jpg 65,37,1713,608,0
../bases/yolo/5e67b032635812f4b0291742/5e67b032635812f4b0291742.jpg 0,8,1748,680,0
../bases/yolo/5e67b04a635812f4b0291a64/5e67b04a635812f4b0291a64.jpg 123,64,2075,680,0
../bases/yolo/5e67b033635812f4b0291849/5e67b033635812f4b0291849.jpg 51,33,2233,690,0
../bases/yolo/5e67b035635812f4b0291967/5e67b035635812f4b0291967.jpg 664,72,1499,648,0
../bases/yolo/5e67b03eae46c409aaec059f/5e67b03eae46c409aaec059f.jpg 18,49,1855,728,0
../bases/yolo/5e67b035635812f4b0291973/5e67b035635812f4b0291973.jpg 758,65,1616,655,0
../bases/yolo/5e67b033635812f4b0291825/5e67b033635812f4b0291825.jpg 4,48,1798,699,0
../bases/yolo/5e67b033635812f4b02917e9/5e67b033635812f4b02917e9.jpg 168,36,1784,648,0
../bases/yolo/5e692699635812f4b02a046c/5e692699635812f4b02a046c.jpg 17,28,1133,655,0
../bases/yolo/5e67b035635812f4b0291977/5e67b035635812f4b0291977.jpg 747,123,1925,678,0
../bases/yolo/5e67b035635812f4b0291937/5e67b035635812f4b0291937.jpg 121,35,1528,704,0
../bases/yolo/5e6ba7dd4bd4ad51c2d5e196/5e6ba7dd4bd4ad51c2d5e196.jpg 261,34,2645,685,0
../bases/yolo/5e67b04a635812f4b0291a6c/5e67b04a635812f4b0291a6c.jpg 97,60,1821,621,0
../bases/yolo/5e67b057635812f4b0291ec4/5e67b057635812f4b0291ec4.jpg 187,17,1763,638,0
../bases/yolo/5e67b031635812f4b02916d2/5e67b031635812f4b02916d2.jpg 53,28,2398,718,0
../bases/yolo/5e67b04a635812f4b0291afe/5e67b04a635812f4b0291afe.jpg 315,105,1430,665,0
../bases/yolo/5e67b032635812f4b029174f/5e67b032635812f4b029174f.jpg 18,37,1722,681,0
../bases/yolo/5e67b032635812f4b029176b/5e67b032635812f4b029176b.jpg 215,58,2016,667,0
../bases/yolo/5e67b035635812f4b02919bf/5e67b035635812f4b02919bf.jpg 71,29,2646,732,0
../bases/yolo/5e67b029635812f4b0291695/5e67b029635812f4b0291695.jpg 224,49,725,655,0
../bases/yolo/5e67b049635812f4b0291a24/5e67b049635812f4b0291a24.jpg 1640,90,2835,666,0
../bases/yolo/5e67b03eae46c409aaec050b/5e67b03eae46c409aaec050b.jpg 1100,61,2287,651,0
../bases/yolo/5e67b034635812f4b029191b/5e67b034635812f4b029191b.jpg 68,6,1745,695,0
../bases/yolo/5e67b034635812f4b029192f/5e67b034635812f4b029192f.jpg 40,14,1657,693,0
../bases/yolo/5e67b035635812f4b029198b/5e67b035635812f4b029198b.jpg 307,33,2141,654,0
../bases/yolo/5e67b04c635812f4b0291c44/5e67b04c635812f4b0291c44.jpg 766,83,1588,657,0
../bases/yolo/5e67b04a635812f4b0291a82/5e67b04a635812f4b0291a82.jpg 89,17,1710,621,0
../bases/yolo/5e67b034635812f4b0291881/5e67b034635812f4b0291881.jpg 576,72,1557,648,0
../bases/yolo/5e67b035635812f4b02919d3/5e67b035635812f4b02919d3.jpg 22,54,1775,706,0
../bases/yolo/5e67b03dae46c409aaec04ef/5e67b03dae46c409aaec04ef.jpg 0,17,1313,701,0
../bases/yolo/5e67b033635812f4b02917f1/5e67b033635812f4b02917f1.jpg 120,50,1943,680,0
../bases/yolo/5e6ba7fb4bd4ad51c2d5e1cb/5e6ba7fb4bd4ad51c2d5e1cb.jpg 547,79,1438,710,0
../bases/yolo/5e67b04a635812f4b0291ae2/5e67b04a635812f4b0291ae2.jpg 51,98,830,650,0
../bases/yolo/5e67b03eae46c409aaec0503/5e67b03eae46c409aaec0503.jpg 154,88,1723,670,0
../bases/yolo/5e67b033635812f4b029181d/5e67b033635812f4b029181d.jpg 162,15,2023,703,0
../bases/yolo/5e67b035635812f4b0291947/5e67b035635812f4b0291947.jpg 135,27,2184,723,0
../bases/yolo/5e692699635812f4b02a049c/5e692699635812f4b02a049c.jpg 38,14,1633,653,0
../bases/yolo/5e67b033635812f4b029186d/5e67b033635812f4b029186d.jpg 52,36,1635,666,0
../bases/yolo/5e67b03eae46c409aaec0583/5e67b03eae46c409aaec0583.jpg 189,21,2541,712,0
../bases/yolo/5e67b04c635812f4b0291c08/5e67b04c635812f4b0291c08.jpg 0,70,1522,670,0
../bases/yolo/5e67b032635812f4b029179d/5e67b032635812f4b029179d.jpg 135,30,1438,613,0
../bases/yolo/5e67b03dae46c409aaec04db/5e67b03dae46c409aaec04db.jpg 53,13,2609,698,0
../bases/yolo/5e67b032635812f4b029174b/5e67b032635812f4b029174b.jpg 103,23,1841,707,0
../bases/yolo/5e67b033635812f4b0291841/5e67b033635812f4b0291841.jpg 14,58,1852,704,0
../bases/yolo/5e6ba7dd4bd4ad51c2d5e19a/5e6ba7dd4bd4ad51c2d5e19a.jpg 133,44,2425,700,0
../bases/yolo/5e692699635812f4b02a04b4/5e692699635812f4b02a04b4.jpg 319,28,2326,645,0
../bases/yolo/5e67b032635812f4b02916f2/5e67b032635812f4b02916f2.jpg 354,76,1639,724,0
../bases/yolo/5e69269b635812f4b02a054a/5e69269b635812f4b02a054a.jpg 79,35,2592,666,0
../bases/yolo/5e67b033635812f4b0291861/5e67b033635812f4b0291861.jpg 20,34,2492,723,0
../bases/yolo/5e67b04c635812f4b0291c54/5e67b04c635812f4b0291c54.jpg 1357,103,2518,662,0
../bases/yolo/5e67b035635812f4b02919c3/5e67b035635812f4b02919c3.jpg 36,21,1463,679,0
../bases/yolo/5e6ba7dd4bd4ad51c2d5e1aa/5e6ba7dd4bd4ad51c2d5e1aa.jpg 1165,70,2200,700,0
../bases/yolo/5e67b033635812f4b02917d5/5e67b033635812f4b02917d5.jpg 958,83,2074,652,0
../bases/yolo/5e67b040ae46c409aaec0694/5e67b040ae46c409aaec0694.jpg 71,26,1303,638,0
../bases/yolo/5e67b034635812f4b029187d/5e67b034635812f4b029187d.jpg 275,51,2299,646,0
../bases/yolo/5e67b032635812f4b029175b/5e67b032635812f4b029175b.jpg 84,7,1321,623,0
../bases/yolo/5e67b034635812f4b02918eb/5e67b034635812f4b02918eb.jpg 852,62,2233,666,0
../bases/yolo/5e69269c635812f4b02a0596/5e69269c635812f4b02a0596.jpg 0,69,2164,718,0
../bases/yolo/5e69269d635812f4b02a05aa/5e69269d635812f4b02a05aa.jpg 35,21,1299,658,0
../bases/yolo/5e67b034635812f4b0291897/5e67b034635812f4b0291897.jpg 115,42,1711,664,0
../bases/yolo/5e67b032635812f4b029171a/5e67b032635812f4b029171a.jpg 26,30,1319,658,0
../bases/yolo/5e67b032635812f4b0291746/5e67b032635812f4b0291746.jpg 144,37,2654,672,0
../bases/yolo/5e67b035635812f4b02919cb/5e67b035635812f4b02919cb.jpg 90,24,1746,699,0
../bases/yolo/5e67b03eae46c409aaec058b/5e67b03eae46c409aaec058b.jpg 14,29,1550,680,0
../bases/yolo/5e67b034635812f4b02918ef/5e67b034635812f4b02918ef.jpg 120,40,1806,664,0
../bases/yolo/5e67b057635812f4b0291eac/5e67b057635812f4b0291eac.jpg 30,0,1601,631,0
../bases/yolo/5e67b031635812f4b02916ea/5e67b031635812f4b02916ea.jpg 7,30,2235,695,0
../bases/yolo/5e67b04c635812f4b0291c1e/5e67b04c635812f4b0291c1e.jpg 135,63,2205,705,0
../bases/yolo/5e692699635812f4b02a04a0/5e692699635812f4b02a04a0.jpg 80,6,1604,652,0
../bases/yolo/5e67b035635812f4b02919df/5e67b035635812f4b02919df.jpg 151,20,2582,699,0
../bases/yolo/5e67b035635812f4b0291943/5e67b035635812f4b0291943.jpg 142,69,3241,705,0
../bases/yolo/5e67b031635812f4b02916da/5e67b031635812f4b02916da.jpg 162,14,2756,710,0
../bases/yolo/5e67b035635812f4b0291953/5e67b035635812f4b0291953.jpg 62,86,1088,646,0
../bases/yolo/5e67b03eae46c409aaec058f/5e67b03eae46c409aaec058f.jpg 19,39,1823,674,0
../bases/yolo/5e692698635812f4b02a0454/5e692698635812f4b02a0454.jpg 27,24,1524,657,0
../bases/yolo/5e69269c635812f4b02a055e/5e69269c635812f4b02a055e.jpg 49,14,1590,647,0
../bases/yolo/5e67b033635812f4b0291809/5e67b033635812f4b0291809.jpg 6,46,1757,686,0
../bases/yolo/5e67b03eae46c409aaec04ff/5e67b03eae46c409aaec04ff.jpg 502,59,1207,661,0
../bases/yolo/5e67b04c635812f4b0291c50/5e67b04c635812f4b0291c50.jpg 896,97,1916,670,0
../bases/yolo/5e6ba7dd4bd4ad51c2d5e1b6/5e6ba7dd4bd4ad51c2d5e1b6.jpg 666,68,1734,689,0
../bases/yolo/5e692698635812f4b02a0430/5e692698635812f4b02a0430.jpg 45,63,1950,686,0
../bases/yolo/5e67b03eae46c409aaec0507/5e67b03eae46c409aaec0507.jpg 838,63,1871,662,0
../bases/yolo/5e67b033635812f4b02917d1/5e67b033635812f4b02917d1.jpg 546,71,1333,661,0
../bases/yolo/5e67b034635812f4b029192b/5e67b034635812f4b029192b.jpg 131,21,2477,677,0
../bases/yolo/5e67b034635812f4b0291913/5e67b034635812f4b0291913.jpg 121,36,1775,680,0
../bases/yolo/5e67b034635812f4b02918d7/5e67b034635812f4b02918d7.jpg 172,1,1700,654,0
../bases/yolo/5e67b04c635812f4b0291c2e/5e67b04c635812f4b0291c2e.jpg 1186,86,1999,655,0
../bases/yolo/5e6ba7dd4bd4ad51c2d5e1ae/5e6ba7dd4bd4ad51c2d5e1ae.jpg 639,91,1691,731,0
../bases/yolo/5e67b032635812f4b02917a1/5e67b032635812f4b02917a1.jpg 219,28,1830,625,0
../bases/yolo/5e67b041ae46c409aaec0790/5e67b041ae46c409aaec0790.jpg 44,18,1489,649,0
